-6.399033036379916 -1.6448536269514729
-1.6448536269514729 -1.2815515655446004
-1.2815515655446004 -1.0364333894937898
-1.0364333894937898 -0.8416212335729142
-0.8416212335729142 -0.6744897501960817
-0.6744897501960817 -0.5244005127080409
-0.5244005127080409 -0.38532046640756773
-0.38532046640756773 -0.25334710313579994
-0.25334710313579994 -0.12566134685507416
-0.12566134685507416 0
0 0.12566134685507388
0.12566134685507388 0.2533471031357997
0.2533471031357997 0.38532046640756773
0.38532046640756773 0.524400512708041
0.524400512708041 0.6744897501960821
0.6744897501960821 0.8416212335729147
0.8416212335729147 1.0364333894937903
1.0364333894937903 1.2815515655446021
1.2815515655446021 1.6448536269514753
1.6448536269514753 6.399033036379916
